function [data] = initExerciseData()
    data = [17.69 19.28 10.17 18.63 18.45 ...
        ; 15.81 15.8 11.21 14.84 12.1];
end